        1.39
        1.43
        1.51
        1.80
        3.00
        1.83
        1.85
        2.37
        1.88
        1.74
        1.90
        3.02
        1.82
        1.92
        1.52
        1.73
        2.03
        2.14
        2.15
        1.99
        3.08
        2.00
        2.18
        2.22
        2.24
        2.27
        1.76
        1.95
        1.96
        2.01
        2.05
        2.06
        1.84
        1.70
        3.70
        1.71
        2.38
        2.16
        2.17
        2.08
        2.09
        3.18
        3.21
        3.50
        3.56
        2.31
        2.62
        2.10
        2.11
        2.12
        2.30
        1.24
        2.40
        2.32
        2.35
        2.44
        2.48
        2.50
        2.53
        2.58
        4.60
        3.28
        1.32
        3.03
        2.56
        2.29
        2.69
        2.70
        4.20
        2.42
        2.52
        2.39
        2.71
        2.74
        2.81
        2.66
        3.14
        2.65
        3.11
        3.32
        3.80
        3.90
        2.90
        2.91
        2.95
        2.97
        4.08
        4.49
        1.60
        2.75
        3.43
        2.76
        2.77
        2.78
        2.84
        2.80
        1.62
        1.63
        1.68
        2.60
        -1.0
